5 25.75 33.9519 33.9521 33.9519
10 25.75 25.6489 25.6488 25.6489
15 25.75 24.9222 24.9221 24.9222
20 25.75 25.1217 25.1216 25.1217
25 25.75 25.3384 25.3381 25.3384
30 25.75 25.4872 25.4873 25.4872
35 25.75 25.5829 25.5829 25.5829
40 25.75 25.6438 25.6442 25.6438
45 25.75 25.6825 25.6827 25.6825
50 25.75 25.7071 25.7073 25.7071
55 25.75 25.7227 25.7226 25.7227
60 25.75 25.7327 25.7324 25.7327
65 25.75 25.739 25.7385 25.739
70 25.75 25.743 25.7424 25.743
75 25.75 25.7456 25.7451 25.7456
80 25.75 25.7472 25.747 25.7472
